SITE	月	Web	目黒	総務	気象庁	多摩	あなた	都内	財団	こちら	街	都市	職員	少子	新聞	建物	情報	都道府県	農林	剣道	個人	庭園	地方	WEB	TOKYO	H	らん	定例	都	最終	スポーツ	センター	ごみ	ネット	Mapion	病院	福祉	大島	法務局	www	窓口	助産	事務	高齢	京王	専門	New	チーム	都庁	法人	被害	都民	大震災	主税局	図書館	ページ	状況	net	公園	地震	クリック	団体	天気	河川	平成	豊洲	ホームページ	税	紙面	セミナー	市場	of	産業	公益	地図	住所	足立	電子	東日本	時代	条例	書士	小笠原諸島	行政	風水害	法律	Yahoo	サイト	東京	見込	取扱	水道局	プロジェクト	業務	環境	方針	制度	グルメ	連盟	技術	tokyo	保健	レストラン	水産	概要	宿	新着	システム	一つ	in	事業	都立	ホテル	議会	財産	資格	広域	経済	クラブ	機関	医療	都議会	http	日本	美術館	トップページ	最新	下水道	地域	イベント	事務所	（財）	ニュース	マピオン	一般
http://www.soumu.metro.tokyo.jp/	0	0	0	0.017966	0	0.009690	0	0	0	0	0	0	0	0	0	0	0.038708	0	0	0	0	0	0	0	0	0.040423	0	0.007391	0	0	0	0	0	0	0	0	0	0.007391	0	0	0	0	0	0	0	0	0	0	0.012920	0	0	0	0	0	0	0	0	0	0	0	0	0	0	0	0	0	0	0	0	0	0	0	0	0	0	0	0	0	0	0	0.007391	0	0	0.023198	0	0	0	0	0.007317	0	0	0	0	0	0	0	0	0	0	0	0	0	0	0	0.011599	0	0.009690	0	0	0	0	0	0	0	0	0	0	0	0	0	0	0.009690	0	0	0	0	0	0	0	0	0	0	0	0	0
http://monitoring.tokyo-eiken.go.jp/	0	0	0	0	0	0	0	0	0	0	0	0	0	0	0	0	0	0	0	0	0	0	0.011599	0	0	0	0	0	0	0	0	0.007391	0	0	0	0	0.014499	0	0	0	0	0	0	0	0	0	0	0	0	0.011087	0	0	0.007391	0	0	0	0	0	0	0	0	0	0	0	0	0	0	0	0	0	0	0	0.007391	0	0	0	0.007391	0	0.007391	0	0	0	0	0.023198	0	0	0	0	0.007317	0	0	0	0	0	0.012920	0	0	0	0	0.007391	0	0.009690	0	0	0	0	0	0	0	0	0	0.011087	0	0	0	0	0	0	0	0	0	0	0	0	0	0	0	0	0	0	0	0	0	0	0
http://www.tokyo-park.or.jp/	0	0	0	0	0	0	0	0.015801	0	0	0	0	0	0	0	0	0	0	0	0	0	0.014782	0	0	0	0	0	0	0	0	0	0	0	0	0	0	0	0	0	0	0	0	0	0	0	0	0	0	0	0	0	0	0	0	0	0.015801	0	0	0.071863	0	0	0	0	0	0	0	0	0	0	0	0	0	0	0	0	0	0	0	0	0	0	0	0	0	0	0	0	0.016832	0.007317	0	0	0	0	0	0	0	0	0	0	0	0	0	0	0	0	0	0	0	0	0	0	0	0	0	0	0	0	0	0	0	0	0	0	0	0	0	0	0	0	0.007391	0	0.007391	0	0	0
http://saiyou2.metro.tokyo.jp/pc/2014/	0	0	0	0	0	0	0	0	0	0	0	0	0.017966	0	0	0	0.038708	0	0	0	0	0	0	0	0	0	0	0	0	0	0	0	0	0	0	0	0	0	0	0	0	0	0	0	0	0	0.017966	0	0.025841	0	0	0	0	0	0	0	0	0	0	0	0	0	0	0	0	0	0	0	0	0.009690	0	0	0	0	0	0	0	0	0	0	0	0	0	0	0	0	0	0	0.014634	0	0	0	0	0	0	0	0	0	0	0	0	0	0	0	0	0	0.009690	0	0	0	0	0	0	0	0	0	0	0	0	0	0	0	0	0	0	0	0	0	0	0	0	0	0	0	0
http://www.tokyo-kendo.or.jp/	0	0	0	0	0	0	0	0	0	0	0	0	0	0	0	0	0.077416	0	0	0.071863	0.017966	0	0	0	0	0	0	0	0	0	0	0	0	0	0	0	0	0	0	0	0	0	0	0	0	0	0	0	0	0	0	0	0	0	0	0	0	0	0	0	0	0.007391	0	0	0	0	0.018936	0	0	0	0	0	0	0	0	0	0	0	0	0	0	0	0	0	0	0	0	0	0.029268	0	0	0	0	0	0	0.007391	0	0	0.040423	0	0	0	0	0	0	0	0	0	0	0	0	0	0	0	0	0	0	0	0	0	0	0	0	0	0	0	0	0	0	0	0	0.007391	0	0	0
http://www.kankyo.metro.tokyo.jp/	0	0	0	0	0	0	0	0	0	0	0	0	0	0	0	0	0.038708	0	0	0	0	0	0	0	0	0	0	0	0	0	0	0	0	0	0	0	0	0	0	0	0	0	0	0	0	0	0	0	0	0	0	0	0	0	0	0	0	0	0	0	0	0	0	0.011087	0	0	0	0	0	0	0	0	0	0	0	0	0	0	0	0	0	0	0	0	0	0	0	0	0.007317	0	0	0	0	0	0.025841	0	0	0	0	0	0	0	0	0	0	0	0	0	0	0	0	0	0	0	0	0	0	0	0	0	0	0	0	0	0	0	0	0	0	0	0	0	0	0	0
http://www.bousai.metro.tokyo.jp/index.html	0	0	0	0	0	0	0	0	0	0.028998	0	0	0	0	0	0	0	0	0	0	0	0	0	0	0	0	0	0	0	0	0	0	0	0	0	0	0	0	0	0	0	0	0	0	0	0	0	0	0	0	0.009690	0	0	0	0	0.015801	0	0	0	0.007391	0	0	0	0	0.034025	0	0.018936	0	0	0	0	0	0	0	0	0	0	0	0	0	0	0	0	0	0.007391	0	0	0	0.029268	0	0	0	0	0	0	0	0	0	0	0	0	0	0	0	0	0	0	0	0	0	0	0	0	0	0	0	0	0	0	0	0	0	0	0	0	0	0	0	0.020316	0	0	0	0	0	0
http://www.kensetsu.metro.tokyo.jp/road.html	0	0	0	0	0	0	0	0	0	0	0	0	0	0	0	0	0	0	0	0	0	0	0	0	0	0	0	0	0	0	0	0	0	0	0	0	0	0	0	0	0	0	0	0	0.017966	0	0	0	0	0	0	0	0	0	0	0	0	0	0	0	0	0	0	0	0	0	0	0	0	0	0	0	0	0	0	0	0	0	0	0	0	0	0	0	0	0	0	0	0.007317	0	0	0	0	0	0.012920	0	0	0	0	0	0	0	0	0	0.011599	0	0	0	0	0	0.019381	0	0	0	0	0	0	0	0	0	0	0	0	0	0	0	0	0	0	0	0	0	0	0	0
http://www.fukushihoken.metro.tokyo.jp/kourei/index.html	0	0	0	0	0	0	0	0	0	0	0	0	0	0.017966	0	0	0	0	0	0	0	0	0	0	0	0	0	0	0	0	0	0	0	0	0	0	0.014499	0	0	0	0	0	0	0.077522	0	0	0	0.017966	0	0	0	0	0	0	0	0	0.009690	0	0	0	0	0	0	0	0	0	0	0	0	0	0	0	0	0	0	0	0	0	0	0.017966	0	0	0	0	0	0	0	0	0.014634	0	0	0	0.025841	0	0	0	0	0	0	0	0	0.009690	0	0	0	0	0	0	0	0	0.038761	0	0	0	0	0	0	0	0	0	0	0	0	0	0	0	0	0	0	0	0	0	0	0	0
http://www.toukei.metro.tokyo.jp/index.htm	0.341991	0	0	0	0	0	0	0	0	0	0	0	0	0	0	0	0	0	0	0	0	0	0	0	0	0	0	0	0	0	0	0	0	0	0	0	0	0	0	0	0	0	0	0	0	0	0	0	0	0	0	0.044347	0	0	0	0	0	0	0	0	0	0	0	0	0.170124	0	0	0	0	0	0	0	0	0	0	0	0	0	0	0	0	0	0	0	0	0	0	0	0.014634	0.017966	0	0	0	0	0	0	0	0	0	0	0	0	0	0	0	0	0	0	0	0	0	0	0	0	0	0	0	0.017966	0	0	0	0	0	0	0	0	0	0	0	0	0	0	0	0	0
http://www.gikai.metro.tokyo.jp/	0	0	0	0	0	0	0	0	0	0	0	0	0	0	0	0	0	0	0	0	0	0	0	0	0	0	0	0	0	0	0	0	0	0	0	0	0	0	0	0	0	0	0	0	0	0	0	0	0	0	0	0	0	0	0	0	0	0	0	0	0	0	0	0	0	0	0	0	0	0	0	0	0	0	0	0	0	0	0	0	0	0	0	0	0	0	0	0.016832	0.007317	0	0	0	0	0	0	0	0	0	0	0	0	0	0	0	0.011599	0	0	0	0	0	0	0	0	0.007391	0	0	0	0	0	0	0	0.009690	0	0	0	0	0	0	0	0	0	0	0	0	0
http://www.city.meguro.tokyo.jp/	0	0	0.007391	0	0	0	0	0	0	0	0	0	0	0	0	0	0.038708	0	0	0	0	0	0	0	0	0	0	0	0	0	0	0	0	0	0	0	0	0	0	0	0	0	0	0	0	0	0	0	0	0	0	0	0	0	0	0	0	0	0	0	0	0	0	0	0	0	0.018936	0	0	0	0	0	0	0	0	0	0	0	0	0	0	0	0	0.046397	0	0	0	0.016832	0	0	0	0	0	0	0	0	0	0	0	0	0	0	0	0	0	0	0	0	0	0	0	0	0	0	0	0	0	0	0	0	0	0	0	0	0	0	0	0	0	0	0	0	0	0	0
http://www.waterworks.metro.tokyo.jp/	0	0	0	0	0	0	0	0	0	0	0	0	0	0	0	0	0.038708	0	0	0	0	0	0	0	0	0	0	0	0	0	0	0	0	0	0	0	0	0	0	0	0	0	0	0	0	0	0	0	0	0	0	0	0	0	0	0	0	0	0	0	0	0	0	0	0	0	0	0	0	0	0	0	0	0	0	0	0	0	0	0	0	0	0	0	0	0	0	0	0.029268	0	0	0.071863	0.012920	0	0	0	0	0	0	0	0	0	0	0	0	0	0	0	0	0	0	0	0	0	0	0	0	0	0	0	0	0	0	0	0	0	0	0	0	0	0	0	0	0	0
http://www.metro.tokyo.jp/	0	0	0	0	0	0	0	0	0	0	0	0	0	0	0	0	0.116123	0	0	0	0	0	0	0	0	0	0	0	0	0	0	0	0	0	0	0	0	0	0	0	0	0	0	0	0	0	0	0	0.012920	0	0	0	0	0	0	0	0	0	0	0	0	0	0	0	0	0	0.037872	0	0	0	0	0	0	0	0	0	0	0	0	0	0	0	0	0	0	0	0	0	0.029268	0	0	0	0	0	0	0	0	0	0	0	0	0	0	0	0	0	0	0	0	0	0	0	0	0	0	0	0	0	0	0	0	0.009690	0	0	0	0	0.007391	0	0	0	0	0	0	0	0
http://www.tokyo-gyosei.or.jp/	0	0	0	0	0	0	0.017966	0	0	0	0.017966	0	0	0	0	0	0	0	0	0	0	0	0	0	0	0	0	0	0	0	0	0	0	0	0	0	0	0	0	0	0	0	0	0	0	0.007391	0	0	0	0	0	0	0	0	0	0	0	0	0	0	0	0	0	0	0	0	0	0	0	0	0	0	0	0	0	0	0	0	0	0	0	0.040423	0	0.092794	0	0.040423	0	0	0.007317	0	0	0	0	0	0	0	0	0	0	0	0	0	0	0	0	0	0	0	0	0	0	0	0	0	0	0	0	0	0	0	0	0	0	0	0	0	0	0	0	0	0	0	0	0	0
http://www.tax.metro.tokyo.jp/jimusho/index.html	0	0	0	0	0	0	0	0	0	0	0	0	0	0	0	0	0	0	0	0	0	0	0	0	0	0	0	0	0.046397	0	0	0	0	0	0	0	0	0	0	0	0	0	0	0	0	0	0	0	0	0	0	0	0	0.022174	0	0	0	0	0	0	0	0	0	0	0	0	0	0.051739	0	0	0	0	0	0	0	0	0	0	0	0	0	0	0	0	0	0	0	0	0.007317	0	0	0	0	0	0	0	0	0	0	0	0	0	0	0	0	0	0	0	0	0	0	0	0	0	0	0	0	0	0	0	0	0	0	0	0	0	0	0	0	0	0.007391	0	0	0	0
http://www.hataraku.metro.tokyo.jp/school/index.html	0	0	0	0	0	0	0	0.015801	0	0	0	0	0	0	0	0	0.038708	0	0	0	0	0	0	0	0.018505	0	0	0	0	0	0	0	0	0.013218	0	0	0	0	0	0	0.007391	0	0	0.019381	0	0	0	0	0	0	0	0	0	0	0	0	0	0	0	0	0	0	0	0	0	0	0	0	0	0.009690	0	0	0	0	0	0	0	0	0	0	0	0	0	0	0	0	0	0	0.007317	0	0	0	0	0	0	0	0	0	0	0	0	0	0	0	0	0	0	0	0	0	0	0	0	0	0	0	0	0	0	0	0	0	0	0	0	0	0	0	0	0	0	0	0	0	0
http://www.tokyo-aff.or.jp/index.html	0	0	0	0	0	0	0	0	0.071863	0	0	0	0	0	0	0	0	0	0.022174	0	0	0	0	0	0	0	0	0	0	0	0	0	0	0	0	0	0	0	0	0.009690	0	0	0	0	0	0	0	0	0	0.022174	0	0	0	0	0	0	0	0	0	0	0.007391	0	0	0	0	0	0	0	0	0	0	0	0	0.017966	0	0	0	0	0	0	0	0	0	0	0	0	0	0	0.021951	0	0	0	0	0	0	0	0	0	0	0	0.007391	0	0	0.017966	0	0	0	0	0	0	0	0	0	0	0	0	0	0	0	0	0	0	0.007391	0	0	0	0	0	0	0	0	0	0	0	0.009690
http://www.mapion.co.jp/map/admi13.html	0	0	0	0	0	0	0	0	0	0.014499	0	0	0	0	0	0	0.038708	0.007391	0	0	0	0	0	0	0	0	0	0	0	0	0	0	0	0	0.022174	0	0	0	0	0	0	0	0	0	0	0	0	0	0	0	0	0	0	0	0	0.015801	0	0	0	0	0	0	0	0	0	0	0	0	0	0	0	0	0	0	0.202986	0	0	0	0	0	0	0	0	0	0	0	0	0.016832	0.036585	0	0	0	0	0	0	0	0	0	0	0	0	0	0	0	0	0	0	0	0.007391	0	0	0	0	0	0	0	0	0	0	0	0	0	0	0.011087	0	0	0	0	0	0	0	0	0	0.029565	0
http://www.hataraku.metro.tokyo.jp/index.html	0.170995	0	0	0	0	0	0	0	0	0	0	0	0	0	0	0	0	0	0	0	0	0	0	0	0.018505	0	0	0	0	0.011599	0	0	0	0.013218	0	0	0	0	0	0	0	0	0	0	0	0	0	0	0	0	0	0	0	0	0	0	0.009690	0	0	0	0	0	0	0	0.068050	0	0	0	0	0	0	0	0	0	0	0	0	0	0	0	0	0	0	0	0	0	0	0	0	0	0	0	0	0	0	0	0	0	0	0	0	0	0	0	0	0	0	0	0	0	0	0	0	0	0	0	0	0	0	0	0	0	0	0	0	0	0	0	0	0	0	0	0	0	0
http://www.tokyo-np.co.jp/article/tokyo/	0	0.017966	0	0	0	0	0	0	0	0	0	0	0	0	0.017966	0	0	0	0	0	0	0	0	0	0.037011	0	0	0	0	0	0	0	0.017966	0	0	0	0	0	0	0	0	0	0	0	0	0	0	0	0	0	0	0	0	0	0	0.015801	0	0	0	0	0	0	0	0	0	0	0	0	0	0	0	0	0	0	0	0	0.007391	0	0	0	0.007391	0	0	0	0	0	0	0	0.029268	0	0	0	0	0	0	0	0	0	0	0	0	0	0	0	0	0	0	0	0	0	0	0	0	0	0	0	0	0	0	0	0	0	0	0	0	0	0	0	0.020316	0	0	0	0.007391	0	0
http://www.sporttokyo.metro.tokyo.jp/	0.227994	0	0.007391	0	0	0	0	0	0	0	0	0	0	0	0	0	0	0	0	0	0	0	0	0	0.018505	0	0	0	0	0	0.022174	0	0	0	0	0	0	0	0	0	0	0	0	0	0	0	0	0	0	0	0	0	0	0	0	0	0	0	0	0	0	0	0	0	0	0	0	0	0	0	0	0.011087	0	0	0	0	0	0	0	0	0	0	0	0	0	0	0	0	0.007317	0	0	0	0.012920	0	0	0	0	0	0	0	0	0	0	0	0	0	0	0	0	0.011087	0	0	0	0	0	0	0	0	0	0	0	0	0	0	0	0	0	0	0	0	0	0	0	0	0
http://www.zaimu.metro.tokyo.jp/tochi/index.html	0.056998	0	0	0	0	0	0	0	0	0	0	0	0	0	0	0.007391	0.270955	0	0	0	0	0	0	0	0	0	0	0	0.023198	0.011599	0	0	0	0	0	0	0	0	0	0	0	0	0	0	0	0	0	0	0	0	0	0	0	0	0	0	0	0	0	0	0	0	0	0	0.034025	0	0	0	0	0	0	0	0	0	0	0	0	0	0	0	0	0	0	0	0	0	0	0	0.021951	0	0	0	0	0	0	0	0	0	0	0	0	0	0	0	0	0	0	0	0	0	0	0	0	0	0.040423	0	0	0	0	0	0	0	0	0	0	0	0	0	0	0	0	0	0	0	0
http://kouiki-sports-tokyo.jp/index.html	0	0	0	0	0	0	0	0.015801	0	0	0	0	0	0	0	0	0	0	0	0	0	0	0	0	0	0	0	0	0	0	0.110868	0.007391	0	0.013218	0	0	0	0	0	0	0	0	0	0	0	0	0	0	0	0	0	0	0	0	0	0	0	0	0	0	0	0	0	0	0	0	0	0	0	0	0	0	0	0	0	0	0	0	0	0	0	0	0	0	0	0	0	0	0.014634	0	0	0	0	0	0	0	0	0	0	0	0	0	0	0	0	0	0	0	0	0	0	0	0	0	0	0	0.007391	0	0.071863	0	0	0	0	0	0	0	0	0	0.060947	0	0	0	0	0	0
http://www.tax.metro.tokyo.jp/	0.056998	0	0	0	0	0	0	0	0	0	0	0	0	0	0	0	0	0	0	0	0	0	0.011599	0	0	0	0	0	0.092794	0.011599	0	0	0	0	0	0	0	0	0	0	0	0	0	0	0	0	0	0	0	0	0.009690	0	0	0.011087	0	0	0	0	0	0.007391	0	0	0	0	0.034025	0	0	0.129346	0	0	0	0	0	0	0	0	0	0	0	0	0	0	0	0	0.007391	0	0	0	0.007317	0	0	0	0	0	0	0	0.022174	0	0	0	0	0	0	0	0	0	0	0	0	0	0	0	0	0	0	0	0	0	0	0	0	0	0	0	0	0	0	0	0	0	0.007391	0	0	0	0
http://www.tcsw.tvac.or.jp/	0	0	0	0	0	0	0	0	0	0	0	0	0	0	0	0	0.038708	0	0	0	0	0	0	0	0	0	0	0	0	0	0	0	0	0	0	0	0.028998	0	0	0	0	0	0	0	0	0	0	0	0	0	0	0	0	0	0	0	0	0	0	0	0	0	0	0	0	0	0	0	0	0	0	0	0	0	0	0	0	0	0	0	0	0	0	0	0	0	0	0	0.007317	0	0	0	0	0	0	0	0.011087	0	0	0	0	0	0	0	0	0	0	0	0	0	0	0	0	0	0	0.007391	0	0	0	0	0	0	0	0	0	0	0	0	0	0	0	0	0	0	0
http://houmukyoku.moj.go.jp/tokyo/frame.html	0	0	0	0	0	0	0	0	0	0	0	0	0	0	0	0	0	0	0	0	0	0	0	0	0	0	0	0	0	0	0	0	0	0	0	0	0	0	0.071863	0	0	0	0.017966	0	0	0	0	0	0	0	0	0	0	0	0	0.015801	0	0	0	0	0	0	0	0	0	0	0.018936	0	0	0	0	0	0	0	0.040597	0	0	0	0	0	0	0	0	0	0	0	0	0	0.029268	0	0.040423	0	0	0.009690	0	0	0	0	0	0	0	0	0	0	0	0	0	0	0	0	0	0	0	0	0	0	0	0	0	0	0	0	0	0	0	0	0	0	0	0	0	0	0	0	0
http://www.seikatubunka.metro.tokyo.jp/	0.170995	0	0	0	0	0	0	0	0	0	0	0	0	0	0	0	0	0	0	0	0	0	0	0	0	0	0	0	0	0	0	0	0	0	0	0	0	0	0	0	0	0	0	0	0	0	0	0	0	0	0	0	0	0	0	0	0	0	0	0	0	0	0	0	0	0	0	0	0	0	0	0	0	0	0	0	0	0	0	0	0	0	0	0	0	0	0	0	0.014634	0	0	0	0	0.009690	0	0	0	0	0	0	0	0	0	0	0	0	0	0	0	0	0.058142	0	0	0	0	0	0	0	0	0	0	0	0	0	0	0.007391	0	0	0.020316	0	0	0	0	0	0
http://www.fukushihoken.metro.tokyo.jp/index.html	0	0	0	0	0	0	0	0	0	0	0	0	0	0	0	0	0	0	0	0	0	0	0	0	0	0	0	0	0	0	0	0	0	0	0	0	0.014499	0	0	0	0	0	0	0	0	0.007391	0	0	0	0	0	0.014782	0	0	0	0	0.009690	0	0	0	0	0	0	0	0.068050	0	0	0	0	0	0	0	0	0	0	0	0	0	0	0	0	0	0	0	0	0	0	0	0.021951	0	0	0	0	0.009690	0	0	0	0	0	0	0	0.009690	0	0	0	0	0	0	0	0	0	0	0	0	0	0	0	0	0	0	0	0	0	0	0	0	0	0	0.020316	0	0	0	0	0	0
http://tabelog.com/tokyo/	0	0	0	0	0	0	0	0	0	0	0	0	0	0	0	0	0	0	0	0	0	0	0	0	0	0	0	0	0	0	0	0	0	0	0	0	0	0	0	0	0	0	0	0	0	0	0	0	0	0	0	0	0	0	0	0	0	0	0	0	0	0	0	0	0	0	0	0	0	0	0	0	0	0	0	0	0	0	0	0	0	0	0	0	0	0	0	0	0.014634	0	0	0	0	0	0	0	0	0.017966	0	0	0	0	0.071863	0	0	0	0	0	0	0	0	0	0	0	0	0	0	0	0	0	0	0	0	0	0	0	0	0	0	0	0	0	0	0	0.009690
http://www.kyoiku.metro.tokyo.jp/index.html	0.113997	0	0	0	0	0.009690	0	0	0	0	0	0	0	0	0	0	0	0	0	0	0	0	0	0	0	0	0	0	0	0	0	0	0	0	0	0	0	0	0	0	0	0	0	0	0	0	0	0	0	0	0	0	0	0	0.017966	0	0	0	0	0	0	0	0	0	0.034025	0	0.018936	0	0	0	0	0	0	0	0	0	0	0	0	0	0	0	0	0	0	0	0	0	0.021951	0	0	0	0	0	0	0	0	0	0	0	0	0	0	0	0	0	0	0	0	0	0	0.022174	0	0	0	0	0	0	0	0	0	0	0	0	0	0	0	0	0	0	0	0	0	0	0
http://www.chijihon.metro.tokyo.jp/senkaku.htm	0	0	0	0	0	0	0	0	0	0	0	0	0	0	0	0	0	0	0	0	0	0	0	0	0	0	0	0	0	0	0	0	0	0	0	0	0	0	0	0.009690	0	0	0	0	0	0	0	0	0	0	0	0	0	0	0	0.015801	0	0	0	0	0	0	0	0	0	0	0	0	0	0	0	0	0	0	0	0	0	0	0	0	0	0	0	0	0	0	0	0	0.007317	0	0	0	0	0	0	0	0	0	0	0	0.007391	0	0	0	0	0	0	0	0	0	0	0	0	0	0	0	0	0	0	0	0	0	0.007391	0	0	0	0	0	0	0	0	0	0	0	0
http://www2.wagamachi-guide.com/tokyo_tokeizu/	0	0	0	0	0	0	0	0	0	0	0	0	0	0	0	0	0	0	0	0	0	0	0	0	0	0	0	0	0	0	0	0	0	0	0	0	0	0	0	0.009690	0	0	0	0	0	0	0	0	0	0	0	0	0	0	0	0	0	0	0	0	0	0	0	0	0	0	0	0	0	0	0	0	0	0	0	0	0	0	0	0	0	0	0	0	0	0	0	0.016832	0	0	0	0	0	0	0	0	0	0	0	0	0	0	0	0	0	0	0	0	0	0	0	0	0	0	0	0	0	0	0	0	0	0	0	0	0	0	0	0	0	0	0	0	0	0	0
http://www.byouin.metro.tokyo.jp/	0.398989	0	0	0	0	0	0	0	0	0	0	0	0	0	0	0	0	0	0	0	0	0	0	0	0	0	0	0	0	0	0	0	0	0	0	0.007391	0	0	0	0	0	0.022174	0	0	0	0	0	0	0	0	0	0	0	0	0	0	0	0	0	0	0	0	0	0	0.136099	0	0	0	0	0	0	0	0	0	0	0	0	0	0	0	0	0	0	0	0	0	0	0	0.007317	0	0	0	0	0	0	0	0	0	0	0	0	0	0	0	0	0	0	0	0	0	0	0	0	0	0	0	0	0	0	0	0	0	0	0	0	0	0	0	0	0	0	0	0	0	0
http://www.tokyo-ikiiki.net/	0	0	0	0	0	0	0	0.015801	0	0	0	0	0	0	0	0	0.038708	0	0	0	0	0	0	0	0	0	0	0.007391	0	0	0	0	0	0.013218	0	0	0	0	0	0	0	0	0	0.019381	0	0	0	0	0	0	0	0	0.007391	0	0	0	0	0	0	0	0	0	0	0	0.034025	0	0	0	0	0	0	0	0	0	0	0	0	0	0.007391	0	0	0	0	0	0	0	0	0	0.014634	0	0	0	0	0	0	0	0	0	0	0	0	0	0	0	0	0	0	0	0	0	0	0	0	0.007391	0	0	0.007391	0	0	0	0.018478	0	0	0	0	0	0	0	0	0	0	0	0	0	0
http://www.jalan.net/ikisaki/map/tokyo/index.html	0	0	0	0	0	0	0	0	0	0	0	0	0	0	0	0	0	0	0	0	0	0	0	0	0	0	0.017966	0	0	0	0	0	0	0.013218	0	0	0	0	0	0	0	0	0	0	0	0	0	0	0	0	0	0	0	0	0	0	0	0.017966	0	0	0	0	0	0	0	0	0	0	0	0	0	0	0	0	0	0	0	0	0	0	0	0	0	0	0	0	0	0	0.029268	0	0	0	0	0	0	0	0	0	0	0	0	0	0	0	0	0.017966	0	0	0	0	0	0	0.112285	0	0	0	0	0	0	0	0	0	0	0	0	0	0	0	0	0	0	0	0	0	0
http://www.sangyo-rodo.metro.tokyo.jp/index.html	0.056998	0	0	0	0	0	0	0.015801	0	0	0	0	0	0	0	0	0.038708	0	0.011087	0	0	0	0	0	0	0	0	0	0	0	0	0	0	0	0	0	0	0	0	0	0	0	0	0	0	0	0	0	0	0	0	0	0	0	0	0	0	0	0	0	0	0	0	0	0	0	0	0	0	0	0	0.022174	0.007391	0	0	0	0	0	0	0	0	0	0	0	0	0	0	0	0.014634	0	0	0	0	0	0	0	0	0	0	0	0	0	0	0	0	0	0.009690	0	0	0.022174	0	0	0	0	0	0	0	0	0	0	0	0	0	0	0	0	0	0	0	0	0	0	0	0	0
http://www.toshiseibi.metro.tokyo.jp/index.html	0.227994	0	0	0	0	0	0	0	0	0	0	0.017966	0	0	0	0	0	0	0	0	0	0	0	0	0	0	0	0	0	0	0	0	0	0	0	0	0	0.007391	0	0	0	0	0	0	0	0	0	0	0	0	0.009690	0	0	0	0	0	0	0	0	0	0	0	0	0	0.034025	0	0	0	0	0	0	0	0	0	0	0	0	0	0	0	0	0	0	0	0	0	0	0	0.014634	0	0	0	0	0	0	0	0	0	0	0	0	0	0	0	0	0	0	0	0	0	0	0	0	0	0	0	0	0	0	0	0	0	0	0	0	0	0	0	0	0	0	0	0	0	0
http://map.yahoo.co.jp/address/13/index.html	0	0	0	0	0	0	0	0	0	0	0	0	0	0	0	0	0.038708	0	0	0	0	0	0	0	0	0	0	0	0	0	0	0	0	0	0	0	0	0	0	0	0	0	0	0	0	0	0	0	0	0	0	0	0	0	0	0	0	0	0	0	0	0	0	0	0	0	0	0	0	0	0	0	0	0	0.162389	0.014782	0	0	0	0	0	0	0	0	0	0	0.017966	0	0.014634	0	0	0	0	0	0	0	0	0	0	0	0	0	0	0	0	0	0	0	0	0	0	0	0	0	0	0	0	0	0	0	0	0	0	0	0	0	0	0	0	0	0	0	0	0	0
http://www.himawari.metro.tokyo.jp/qq/qq13tomnlt.asp	0	0	0	0	0	0	0	0.015801	0	0	0	0	0	0	0	0	0.077416	0	0	0	0	0	0	0	0	0	0	0	0	0	0	0	0	0	0	0.007391	0	0	0	0	0	0.011087	0	0	0	0	0	0	0	0	0	0	0	0	0	0	0	0	0	0	0	0	0	0	0	0	0	0	0	0	0	0	0	0	0	0	0	0	0	0	0	0	0	0	0	0	0	0.016832	0.021951	0	0	0	0	0	0	0	0	0	0	0	0	0	0	0	0	0	0	0	0	0	0	0	0	0	0	0	0	0	0	0.022174	0.073912	0	0	0	0	0	0	0	0.020316	0	0	0	0	0	0
http://www.teien-art-museum.ne.jp/index.html	0	0	0	0	0	0	0	0	0	0.014499	0	0	0	0	0	0.007391	0	0	0	0	0	0.044347	0	0	0	0	0	0	0	0	0	0	0	0	0	0	0	0	0	0	0	0	0	0	0	0	0	0	0	0	0	0	0	0	0	0	0	0	0	0	0	0	0	0	0	0	0	0	0	0	0	0	0	0	0	0	0	0	0	0	0	0	0	0	0	0	0	0	0.007317	0	0	0	0	0	0	0	0	0	0	0	0	0	0	0	0	0	0	0	0	0	0	0	0	0	0	0	0	0	0	0	0	0	0	0	0.040423	0	0	0	0	0	0	0	0.007391	0	0
http://www.shijou.metro.tokyo.jp/index.html	0.113997	0	0	0	0	0	0	0	0	0	0	0	0	0	0	0	0	0	0	0	0	0	0	0	0.037011	0	0	0	0	0	0	0	0	0	0	0	0	0	0	0	0	0	0	0	0	0	0	0	0	0	0	0	0	0	0	0	0	0	0	0	0	0	0	0	0	0.017966	0	0	0	0.009690	0.017966	0	0	0	0	0	0	0	0	0	0	0	0	0	0	0	0	0	0.007317	0	0	0	0	0	0	0	0	0	0	0.007391	0	0	0	0	0.011599	0	0	0	0	0	0	0	0	0	0	0	0	0	0	0	0	0	0	0	0	0	0	0	0	0	0	0	0	0	0
http://www.e-procurement.metro.tokyo.jp/index.jsp	0	0	0	0	0	0	0	0	0	0	0	0	0	0	0	0	0.038708	0	0	0	0	0	0	0	0	0	0	0	0	0	0	0	0	0	0	0	0	0	0	0	0	0	0	0	0	0	0	0	0	0	0	0	0	0	0	0	0	0	0	0	0	0	0	0	0	0	0	0	0	0	0	0	0	0	0	0	0	0.040423	0	0	0	0	0	0	0	0	0	0	0.007317	0	0	0	0	0	0	0	0	0	0	0	0	0	0	0	0	0	0	0.017966	0	0	0	0	0	0	0	0.007391	0	0	0	0	0	0	0	0	0	0	0	0	0	0	0	0	0	0	0
http://www.syougai.metro.tokyo.jp/	0	0	0	0	0	0	0	0	0	0	0	0	0	0	0	0	0.232247	0	0	0	0	0	0	0	0	0	0	0	0	0	0	0	0	0	0	0	0	0	0	0	0.007391	0	0	0	0	0	0	0	0	0	0	0	0	0	0	0	0	0	0	0	0	0	0	0	0	0	0	0	0	0	0	0	0	0	0	0	0	0	0	0	0	0	0	0	0	0	0	0.016832	0.007317	0	0	0	0	0	0	0	0	0	0	0	0	0	0	0	0	0	0	0	0	0	0	0	0	0	0	0	0	0	0	0.011087	0	0	0	0	0	0.007391	0	0	0	0	0	0	0	0	0
http://www.kensetsu.metro.tokyo.jp/river.html	0	0	0	0	0	0	0	0.015801	0	0	0	0	0	0	0	0	0	0	0	0	0	0	0	0	0	0	0	0	0.023198	0.011599	0	0	0	0	0	0	0	0	0	0	0	0	0	0	0	0	0	0	0	0	0	0	0	0	0	0	0	0	0	0	0	0	0	0.022174	0	0	0	0	0	0	0	0	0	0	0	0	0	0	0	0	0	0	0	0	0	0	0	0	0.014634	0	0	0	0	0	0	0.007391	0	0	0	0	0	0	0	0	0	0	0	0	0	0	0	0	0	0	0	0	0	0	0	0	0	0	0	0	0	0	0	0	0	0	0	0	0	0	0
http://www.jma.go.jp/jp/yoho/319.html	0.056998	0	0	0	0.017966	0	0	0	0	0	0	0	0	0	0	0	0	0	0	0	0	0	0.011599	0	0	0	0	0	0	0	0	0	0	0	0	0	0	0	0	0	0	0	0	0	0	0	0	0	0	0	0	0	0	0	0	0	0	0	0	0	0	0	0.017966	0	0.034025	0	0	0	0	0	0	0	0	0	0	0	0	0	0	0	0	0	0.011087	0	0	0	0	0	0.014634	0	0	0	0	0	0	0	0	0	0	0	0	0	0	0	0	0	0	0	0	0	0	0	0	0	0	0	0	0	0	0	0	0	0	0	0	0	0	0	0	0	0	0	0	0	0
http://www.koho.metro.tokyo.jp/	0.170995	0	0	0	0	0	0	0	0	0	0	0	0	0	0	0	0.038708	0	0	0	0	0	0	0.017966	0	0	0	0	0	0	0	0	0	0	0	0	0	0	0	0	0	0	0	0	0	0	0	0	0	0	0	0	0	0	0	0	0	0	0	0	0	0	0	0	0.034025	0	0.018936	0	0.017966	0	0	0	0	0	0	0	0	0	0	0	0	0	0	0	0	0	0	0	0.043902	0	0	0	0	0	0	0	0	0	0	0	0	0	0	0	0	0	0	0	0	0	0	0	0	0	0	0	0	0	0	0	0	0	0	0	0	0	0.007391	0	0	0.007391	0	0	0	0	0
http://ja.wikipedia.org/wiki/%E6%9D%B1%E4%BA%AC%E9%83%BD	0	0	0	0	0	0.009690	0	0	0	0	0	0	0	0	0	0	0	0.007391	0	0	0	0	0.011599	0	0	0	0	0	0	0	0	0	0	0	0	0	0	0	0	0	0	0	0	0	0	0	0	0	0	0	0	0	0	0	0	0	0	0	0	0	0	0.007391	0	0	0	0	0	0	0	0	0	0	0	0	0	0	0	0	0	0	0	0	0.022174	0	0	0	0	0	0.029268	0	0	0	0	0	0	0	0	0	0	0	0	0	0	0	0	0	0	0	0.007391	0	0	0	0	0	0	0	0	0	0	0	0	0	0	0.022174	0	0	0	0	0.020316	0	0	0	0	0	0
http://www.gesui.metro.tokyo.jp/	0.056998	0	0	0	0	0	0	0	0	0	0	0	0	0	0	0	0	0	0	0	0	0	0	0	0	0	0	0	0	0	0	0	0	0	0	0	0	0	0	0	0	0	0	0	0	0	0	0	0	0	0	0	0	0	0	0	0	0	0	0	0	0	0	0	0.034025	0	0.018936	0	0	0	0	0	0	0	0	0	0	0	0	0	0	0	0	0	0	0	0	0	0.007317	0	0	0	0	0	0	0	0	0	0	0	0	0	0	0	0	0	0	0	0	0	0	0	0	0	0	0	0	0	0	0	0	0	0	0	0	0	0	0.040423	0	0	0	0	0	0	0.009690
http://www.mapion.co.jp/address/13/	0	0	0	0	0	0	0	0	0	0.014499	0	0	0	0	0	0	0	0	0	0	0	0	0	0	0	0	0	0	0	0	0	0	0	0	0.011087	0	0	0	0	0	0	0	0	0	0	0	0	0	0	0	0	0	0	0	0	0.015801	0	0	0	0	0.007391	0	0	0	0	0	0	0	0	0	0	0	0	0	0.162389	0.044347	0	0	0	0	0	0	0	0	0	0	0	0.016832	0.014634	0	0	0	0	0	0	0	0	0	0	0	0	0	0	0	0	0	0	0	0	0	0	0	0	0	0	0	0	0	0	0	0	0	0	0	0	0	0	0	0	0	0	0	0	0.029565	0
