SITE	月	メンタルヘルスブログ	写真	ベイスターズ	情報	園芸	熱帯魚	多種	BS	エンジン	横浜	気	街	協会	にっぽん	死	ゲームブログ	ポータルサイト	ネタ	日記	障害	ブログランキング	ダイワハウス	どちら	北海道	イタリアン	ダンスブログ	株式	画像	ネオブライス・プチブライス・カスタムブライス	これ	東北	ハンドメイドブログ	ページ	え	自分	建	記事	自転車	無料	未来	住まい	詩	吉祥寺	人気	季節	手づくり	楽天	酒	風景	日本	フォトコンテスト	鳥	猫	教室	FX	バレエ	資金	釣り場	ジャンル	外国	辞典	ログイン	大人	通常	演劇	話題	体外	フラワー	赤ちゃん	イーグルス	どんな	自動	管	グレーハウンド	カテゴリー	鰤	犬	メンテナンス	石けん	大和ハウス	トラコミュ	株	野球	シニア	山	アート	傷	テレビブログ	ブログ	花	最新	世界	寒	順	地域	朝日	DeNA	何	遺産	イタグレ	心	居酒屋	趣味	小説	手帳
http://blog.goo.ne.jp/nanbanandeya	0	0	0	0	0	0	0	0	0	0	0	0	0	0	0	0.016132	0	0	0.016132	0	0	0	0	0	0	0	0	0	0	0	0	0	0	0	0	0	0	0	0	0.018618	0.006637	0	0	0	0	0	0	0	0	0	0.041662	0	0	0	0	0	0	0	0	0	0	0	0	0	0	0	0	0	0	0	0	0	0	0	0	0	0	0	0	0	0	0	0	0	0	0	0	0	0	0.084430	0	0	0	0	0	0	0	0	0	0	0	0	0	0	0	0
http://foreign.blogmura.com/	0	0	0	0	0	0	0	0	0	0.018781	0	0	0	0	0	0	0	0.018781	0	0	0	0.017023	0	0	0	0	0	0	0	0	0	0	0	0	0.017655	0	0	0.019213	0	0	0	0	0	0	0.018620	0	0	0	0	0	0	0	0	0	0	0	0	0	0	0	0.100825	0	0	0	0	0	0	0	0	0	0	0	0	0	0	0.021159	0	0	0	0	0	0.018781	0	0	0	0	0	0	0	0.168859	0	0	0	0	0.017655	0	0	0	0	0	0	0	0	0	0	0
http://senior.blogmura.com/	0	0	0	0	0	0	0	0	0	0.018781	0	0	0	0	0	0	0	0.018781	0	0.023203	0	0.017023	0	0	0	0	0	0	0	0	0	0	0	0	0	0	0	0.019213	0	0	0	0	0	0	0.018620	0	0	0	0	0	0	0	0	0	0	0	0	0	0	0	0	0	0	0	0	0	0	0	0	0	0	0	0	0	0	0.021159	0	0	0	0	0	0.018781	0	0	0.019911	0	0	0	0	0.140716	0	0	0	0	0	0	0	0	0	0	0	0	0	0	0	0
http://ameblo.jp/nihonsyuya/	0	0	0	0	0	0	0	0	0	0	0	0	0	0	0	0	0	0	0	0	0	0	0	0	0	0	0	0	0	0	0	0	0	0	0	0	0	0	0	0.018618	0	0	0	0.009955	0	0	0	0	0.029004	0	0	0	0	0	0	0	0	0	0	0	0	0	0	0	0	0	0	0	0	0	0	0	0	0	0	0	0.036297	0	0	0	0	0	0	0	0	0.006637	0	0	0	0.056286	0	0	0	0.036297	0	0	0	0	0	0	0	0	0	0	0	0
http://www.blogmura.com/category.html	0	0	0	0	0	0	0	0	0	0	0	0	0	0	0	0	0	0	0	0	0	0	0	0	0	0	0	0	0	0	0	0	0	0	0	0	0	0	0.016592	0	0	0	0	0	0	0	0	0	0	0	0	0	0	0	0	0	0	0	0	0	0	0	0	0	0	0	0	0	0	0	0	0	0	0	0	0.084637	0	0	0	0	0	0	0	0	0.009955	0	0	0	0	0.028143	0	0	0.100825	0	0	0	0	0	0	0	0	0	0	0	0	0
http://handmade.blogmura.com/handmadesoap/	0	0	0	0	0.020997	0	0	0	0	0	0	0.016592	0	0	0	0	0	0	0	0	0	0.017023	0	0	0	0	0	0	0	0	0	0	0.009955	0	0	0	0	0	0	0.018618	0	0	0	0	0	0	0.036297	0	0	0	0	0	0	0	0	0	0	0	0	0	0	0	0	0	0	0	0	0	0	0	0	0	0	0	0	0	0	0	0	0.036297	0	0	0	0	0	0	0	0	0	0.112573	0	0.017655	0	0	0	0	0	0	0	0	0	0	0	0	0	0
http://mypage.blogmura.com/	0	0	0	0	0	0	0	0	0	0	0	0	0	0	0	0	0	0	0	0	0	0	0	0	0	0	0	0	0	0	0	0	0	0.006637	0	0.006637	0	0	0	0	0	0	0	0	0	0	0	0	0	0	0	0	0	0	0	0	0	0	0	0	0	0	0.036297	0	0	0	0.013115	0	0	0	0	0	0.016132	0	0	0	0	0	0	0	0	0	0	0	0	0	0	0	0	0.056286	0	0	0	0	0	0	0	0	0	0	0	0	0	0.006637	0	0
http://sick.blogmura.com/	0	0	0	0	0	0	0	0	0	0.018781	0	0	0	0	0	0	0	0.018781	0	0	0	0.017023	0	0	0	0	0	0	0	0	0	0	0	0	0.017655	0	0	0.019213	0	0	0	0	0	0	0.018620	0	0	0	0	0	0	0	0	0	0	0	0	0	0	0	0	0	0	0	0	0	0	0	0	0	0	0.006637	0	0	0	0.021159	0	0	0	0	0	0.018781	0	0	0	0	0	0	0	0.168859	0	0	0	0	0.017655	0	0	0	0	0	0	0	0	0	0	0
http://homepage2.nifty.com/osiete/seito118.htm	0	0	0	0	0	0	0	0	0	0	0	0	0	0	0.052208	0	0	0	0	0	0	0	0	0.016132	0	0	0	0	0	0	0	0	0	0	0	0	0	0	0	0	0	0	0	0	0	0	0	0	0	0	0	0	0	0	0	0	0	0	0	0	0	0.006637	0	0	0	0	0	0	0	0	0	0	0	0	0	0	0	0	0	0	0	0	0	0	0	0	0	0	0	0	0	0	0	0	0	0	0	0	0	0	0	0	0	0	0	0
http://www.blogmura.com/	0	0	0	0	0	0	0	0	0	0	0	0	0	0	0	0	0	0	0	0	0	0.017023	0	0	0	0	0	0	0	0	0	0	0	0	0	0	0	0	0	0	0	0	0	0	0.018620	0	0	0	0	0	0	0	0	0	0	0	0	0	0	0	0	0	0	0	0	0	0	0	0	0	0	0	0	0	0	0	0	0	0	0	0	0	0	0	0	0	0	0	0	0.056286	0	0	0	0	0	0	0	0	0	0	0	0	0	0	0	0
http://care.blogmura.com/	0	0	0	0	0	0	0	0	0	0.018781	0	0	0	0	0	0	0	0.018781	0	0	0.016132	0.017023	0	0	0	0	0	0	0	0	0	0	0	0	0.017655	0	0	0.019213	0	0	0	0	0	0	0.018620	0	0	0	0	0	0	0	0	0	0	0	0	0	0	0	0	0	0	0	0	0	0	0	0	0	0	0	0	0	0	0.021159	0	0	0	0	0	0.018781	0	0	0	0	0	0	0	0.168859	0	0	0	0	0.017655	0	0	0	0.006637	0	0	0	0	0	0	0
http://photo.blogmura.com/tment_ent/8_6603.html	0	0	0.052208	0	0	0	0	0	0	0	0	0	0	0	0	0	0	0	0	0	0	0	0	0	0	0	0	0	0	0	0	0	0	0	0	0	0	0.019213	0	0	0	0	0	0	0	0	0	0	0	0	0	0.036297	0	0	0	0	0	0	0	0.006637	0	0	0	0	0	0	0	0	0	0	0	0	0	0	0	0	0	0	0	0	0	0	0	0	0	0	0.006637	0	0	0.112573	0	0	0	0	0	0	0	0	0	0	0	0	0	0	0	0
http://archive.is/1biGH	0	0	0	0	0	0	0	0	0	0	0	0	0	0.016132	0.017403	0	0	0	0	0	0	0	0	0	0	0	0	0	0	0	0	0	0	0	0	0	0	0	0	0	0	0	0	0	0	0	0	0	0	0	0.249969	0	0	0	0	0	0	0	0	0	0	0.006637	0	0	0	0	0	0	0	0	0	0	0	0	0	0	0	0	0	0	0	0	0	0	0	0	0	0	0	0	0	0	0	0	0	0	0	0	0	0	0	0	0	0	0	0
http://handmade.blogmura.com/	0	0	0	0	0	0	0	0	0	0.018781	0	0	0	0	0	0	0	0.018781	0	0	0	0.017023	0	0	0	0	0	0	0	0	0	0	0.019911	0	0	0	0	0.019213	0	0	0	0	0	0	0.018620	0	0	0	0	0	0	0	0	0	0	0	0	0	0	0	0	0	0	0.016132	0	0	0	0	0	0	0	0	0	0	0	0.021159	0	0	0	0	0	0.018781	0	0	0	0	0	0	0	0.084430	0	0	0	0	0	0	0	0	0	0	0	0	0	0	0	0
http://dog.blogmura.com/poodle_tcup/	0	0	0	0	0.020997	0	0	0	0	0	0	0.016592	0	0	0	0	0	0	0	0	0	0.017023	0	0	0	0	0	0	0.006637	0	0	0	0	0	0	0	0	0	0	0.018618	0	0	0	0	0	0	0	0	0	0	0	0	0	0	0	0	0	0	0	0	0	0	0	0	0	0	0	0	0	0	0	0	0	0	0	0	0	0.006637	0	0	0	0	0	0	0	0	0	0	0	0.112573	0	0.017655	0	0	0	0	0	0	0	0	0	0	0	0	0	0
http://aquarium.blogmura.com/tropical/	0	0	0	0	0.020997	0	0.064528	0	0	0	0	0.016592	0	0	0	0	0	0	0	0.011602	0	0.034047	0	0	0	0	0	0	0	0	0	0	0	0	0	0	0	0	0	0.018618	0	0	0	0	0	0	0	0	0	0	0	0	0	0	0	0	0	0	0	0	0	0	0	0	0	0	0	0	0	0	0	0	0	0	0	0	0	0	0	0	0	0	0	0	0	0	0	0	0	0.140716	0	0.017655	0	0	0	0	0	0	0	0	0	0	0	0	0	0
http://cat.blogmura.com/	0	0	0	0	0	0	0	0	0	0.018781	0	0	0	0	0	0	0	0.018781	0	0	0	0.017023	0	0	0	0	0	0	0	0	0	0	0	0	0	0	0	0.019213	0	0	0	0	0	0	0.018620	0	0	0	0	0	0	0	0	0.197618	0	0	0	0	0	0	0	0	0	0	0	0	0	0	0	0	0	0	0	0	0	0.021159	0	0	0	0	0	0.018781	0	0	0	0	0	0	0	0.140716	0	0	0	0	0	0	0	0	0	0	0	0	0	0	0	0
http://www.web-farmer.jp/	0	0	0	0	0	0	0	0	0	0	0	0	0	0	0	0	0	0	0	0	0	0	0	0	0	0	0	0	0	0	0	0	0	0	0	0	0	0	0	0	0	0	0	0	0	0	0	0	0.014502	0	0	0	0	0	0	0	0	0	0	0	0	0	0	0	0.006637	0	0	0	0	0	0	0	0	0	0	0	0	0	0	0	0	0	0	0	0	0	0	0	0	0	0	0	0	0	0	0	0	0	0	0	0	0	0	0	0	0
http://baseball.blogmura.com/	0	0	0	0	0	0	0	0	0	0.018781	0	0	0	0	0	0	0	0.018781	0	0	0	0.017023	0	0	0	0	0	0	0	0	0	0	0	0	0.017655	0	0	0.019213	0	0	0	0	0	0	0.018620	0	0	0.016132	0	0	0	0	0	0	0	0	0	0	0	0	0	0	0	0	0	0	0	0	0	0	0.016132	0	0	0	0	0.021159	0	0	0	0	0	0.018781	0	0.049776	0	0	0	0	0	0.168859	0	0	0	0	0.017655	0	0	0	0	0	0	0	0	0	0	0
http://maternity.blogmura.com/funin_ivf/	0	0	0	0	0.020997	0	0	0	0	0	0	0.016592	0	0	0	0	0	0	0	0	0	0.034047	0	0	0	0	0	0	0	0	0	0	0	0	0	0	0	0	0	0.018618	0	0	0	0	0	0	0	0	0	0	0	0	0	0	0	0	0	0	0	0	0	0	0	0	0	0	0.013115	0.036297	0	0.064528	0	0	0	0	0	0	0	0	0	0	0	0	0	0	0	0	0	0	0	0.140716	0	0.017655	0	0	0	0	0	0	0	0	0	0	0	0	0	0
http://game.blogmura.com/	0	0	0	0	0	0	0	0	0	0.018781	0	0	0	0	0	0	0.016132	0.018781	0	0.011602	0	0.017023	0	0	0	0	0	0	0	0	0.016132	0	0	0	0.017655	0	0	0.019213	0	0	0	0	0	0	0.018620	0	0	0	0	0	0	0	0	0	0	0	0	0	0	0	0	0	0	0	0	0	0	0	0	0	0	0	0	0	0	0.021159	0	0	0	0	0	0.018781	0	0	0	0	0	0	0	0.112573	0	0	0	0	0.017655	0	0	0	0	0	0	0	0	0	0	0
http://show.blogmura.com/	0	0	0	0	0	0	0	0	0	0.018781	0	0	0	0	0	0	0	0.018781	0	0	0	0.017023	0	0	0	0	0.019911	0	0	0	0	0	0	0	0	0	0	0.019213	0	0	0	0	0	0	0.018620	0	0	0	0	0	0	0	0	0	0	0	0	0	0	0	0	0	0	0	0	0.026547	0	0	0	0	0	0	0	0	0	0.021159	0	0	0	0	0	0.018781	0	0	0	0	0	0	0	0.084430	0	0	0	0	0	0	0	0	0	0	0	0	0	0	0	0
http://house.blogmura.com/	0	0	0	0	0	0	0	0	0	0.018781	0	0	0	0	0	0	0	0.018781	0	0	0	0.017023	0	0	0	0	0	0	0	0	0	0	0	0	0.017655	0	0	0.019213	0	0	0	0.039821	0	0	0.018620	0	0	0	0	0	0	0	0	0	0	0	0	0	0	0	0	0	0	0	0	0	0	0	0	0	0	0	0	0	0	0.021159	0	0	0	0	0	0.018781	0	0	0	0	0	0	0	0.168859	0	0	0	0	0.017655	0	0	0	0	0	0	0	0	0	0	0
http://help.blogmura.com/	0.039821	0	0	0	0	0	0	0	0	0	0	0	0	0	0	0	0	0	0	0	0	0	0	0	0	0	0	0	0	0	0	0	0	0.006637	0	0	0	0	0	0	0	0	0	0	0	0	0	0	0	0	0	0	0	0	0	0	0	0	0	0	0	0	0	0	0.006637	0	0	0	0	0	0	0	0	0	0	0	0	0	0.006637	0	0	0	0	0	0	0	0	0	0	0.056286	0	0	0	0	0	0	0	0	0	0	0	0	0	0	0	0
http://baseball.blogmura.com/baystars/	0	0	0	0.016132	0.020997	0	0	0	0	0	0.036297	0.016592	0	0	0	0	0	0	0	0	0	0.017023	0	0	0	0	0	0	0	0	0	0	0	0	0	0	0	0	0	0.018618	0	0	0	0	0	0	0	0	0	0	0	0	0	0	0	0	0	0	0	0	0	0	0	0	0	0	0.013115	0	0	0	0	0	0	0	0	0	0	0	0	0	0	0	0	0.033184	0	0	0	0	0	0.112573	0	0.017655	0	0	0	0	0	0.036297	0	0	0	0	0	0	0	0
http://mental.blogmura.com/	0	0.019911	0	0	0	0	0	0	0	0.018781	0	0	0	0	0	0	0	0.018781	0	0	0	0.017023	0	0	0	0	0	0	0	0	0	0	0	0	0	0	0	0.019213	0	0	0	0	0	0	0.018620	0	0	0	0	0	0	0	0	0	0	0	0	0	0	0	0	0	0	0	0	0	0	0	0	0	0	0	0	0	0	0.021159	0	0	0	0	0	0.018781	0	0	0	0	0	0	0	0.112573	0	0	0	0	0	0	0	0	0	0	0	0	0	0	0	0
http://house.blogmura.com/newhouse_daiwahouse/	0	0	0	0	0.020997	0	0	0	0	0	0	0.016592	0	0	0	0	0	0	0	0	0	0.017023	0.016132	0	0	0	0	0	0	0	0	0	0	0	0	0	0.036297	0	0	0.018618	0	0.013274	0	0	0	0	0	0	0	0	0	0	0	0	0	0	0	0	0	0	0	0	0	0	0	0	0.013115	0	0	0	0	0	0	0	0	0	0	0	0	0	0.016132	0	0	0	0	0	0	0	0	0.140716	0	0.017655	0	0	0	0	0	0	0	0	0	0	0	0	0	0
http://localeast.blogmura.com/	0	0	0	0	0.020997	0	0	0	0	0.018781	0	0	0.016132	0	0	0	0	0.018781	0	0	0	0.017023	0	0	0	0	0	0	0	0	0	0.016132	0	0	0	0	0	0.019213	0	0	0	0	0	0	0.018620	0	0	0	0	0	0	0	0	0	0	0	0	0	0	0	0	0	0	0	0	0	0	0	0	0	0	0	0	0	0	0.021159	0	0	0	0	0	0.018781	0	0	0	0	0	0	0	0.168859	0	0	0	0	0	0.016132	0	0	0	0	0	0	0	0	0	0
http://birds.blogmura.com/birds_tashu/	0	0	0	0	0.020997	0	0	0.036297	0	0	0	0.016592	0	0	0	0	0	0	0	0	0	0.034047	0	0	0	0	0	0	0	0	0	0	0	0	0	0	0	0	0	0.018618	0	0	0	0	0	0	0	0	0	0	0	0	0.100825	0	0	0	0	0	0	0	0	0	0	0	0	0	0.013115	0	0	0	0	0	0	0	0	0	0	0	0	0	0	0	0	0	0	0	0	0	0	0.140716	0	0.017655	0	0	0	0	0	0	0	0	0	0	0	0	0	0
http://cycle.blogmura.com/	0	0	0	0	0	0	0	0	0	0.018781	0	0	0	0	0	0	0	0.018781	0	0	0	0.017023	0	0	0	0	0	0	0	0	0	0	0	0	0	0	0	0.019213	0.066369	0	0	0	0	0	0.018620	0	0	0	0	0	0	0	0	0	0	0	0	0	0	0	0	0	0	0	0	0	0	0	0	0	0	0	0	0	0	0.021159	0	0	0.006637	0	0	0.018781	0	0	0	0	0	0	0	0.168859	0	0	0	0	0	0	0	0	0	0	0	0	0	0	0	0
http://stock.blogmura.com/	0	0	0	0	0	0	0	0	0	0.018781	0	0	0	0	0	0	0	0.018781	0	0	0	0.017023	0	0	0	0	0	0.016132	0	0	0	0	0	0	0	0	0	0.019213	0	0	0	0	0	0	0.018620	0	0	0	0	0	0	0	0	0	0	0.016132	0	0.016132	0	0	0	0	0	0	0	0	0	0	0	0	0	0	0	0	0	0.021159	0	0	0	0	0	0.018781	0.036297	0	0	0	0	0	0	0.168859	0	0	0	0	0	0	0	0	0	0	0	0	0	0	0	0
http://love.blogmura.com/	0	0	0	0	0	0	0	0	0	0.018781	0	0	0	0	0	0	0	0.018781	0	0	0	0.017023	0	0	0	0	0	0	0	0	0	0	0	0	0	0	0	0.019213	0	0	0	0	0	0	0.018620	0	0	0	0	0	0	0	0	0	0	0	0	0	0	0	0	0	0	0	0	0	0	0	0	0	0	0	0	0	0	0.021159	0	0	0	0	0	0.018781	0	0	0	0	0	0	0	0.168859	0	0	0	0	0	0	0	0	0	0	0	0	0	0	0	0
http://ja.wikipedia.org/wiki/%E6%97%A5%E6%9C%AC	0	0	0	0	0	0	0	0	0	0	0	0	0	0	0.034805	0	0	0	0	0	0	0	0	0	0	0	0	0	0	0	0	0	0	0	0	0	0	0	0	0	0	0	0	0	0	0	0	0	0	0	0.333292	0	0	0	0	0	0	0	0	0	0	0	0	0	0	0	0	0	0	0	0	0	0	0	0	0	0	0	0	0	0	0	0	0	0	0	0	0	0	0	0	0	0	0	0	0	0	0	0	0	0	0	0	0	0	0
http://flower.blogmura.com/preservedflowerschool/	0	0	0	0	0	0.033184	0	0	0	0	0	0	0	0	0	0	0	0	0	0	0	0	0	0	0	0	0	0	0	0	0	0	0	0	0	0	0	0	0	0	0	0	0	0	0	0.006637	0	0	0	0	0	0	0	0	0.019911	0	0	0	0	0	0	0	0	0	0	0	0	0	0.036297	0	0	0	0	0	0	0	0	0	0	0	0	0	0	0	0	0	0.006637	0	0	0.028143	0.149329	0	0	0	0	0	0	0	0	0	0	0	0	0.006637	0	0
http://mental.blogmura.com/wristcut/	0	0.009955	0	0	0.020997	0	0	0	0	0	0	0	0	0	0	0	0	0	0	0	0	0	0	0	0	0	0	0	0	0	0	0	0	0	0	0	0	0	0	0.018618	0	0	0	0	0	0	0	0	0	0	0	0	0	0	0	0	0	0	0	0	0	0	0	0	0	0	0	0	0	0	0	0	0	0	0	0	0	0	0	0	0	0	0	0	0	0	0	0.064528	0	0.084430	0	0.017655	0	0	0	0	0	0	0	0	0	0	0	0	0	0
http://collection.blogmura.com/blythe/	0	0	0	0	0.020997	0	0	0	0	0	0	0	0	0	0	0	0	0	0	0	0	0	0	0	0	0	0	0	0	0.016132	0	0	0	0	0	0	0	0	0	0.018618	0	0	0	0	0	0	0	0	0	0	0	0	0	0	0	0	0	0	0	0	0	0	0	0	0	0	0	0	0	0	0	0	0	0	0	0	0	0	0	0	0	0	0	0	0	0	0	0	0	0.084430	0	0.017655	0	0	0	0	0	0	0	0	0	0	0	0	0	0
http://travel.blogmura.com/	0	0	0	0	0	0	0	0	0	0.018781	0	0	0	0	0	0	0	0.018781	0	0	0	0.017023	0	0	0.016132	0	0	0	0	0	0	0	0	0	0.017655	0	0	0.019213	0	0	0	0	0	0	0.018620	0	0	0	0	0	0	0	0	0	0	0	0	0	0	0	0	0	0	0	0	0	0	0	0	0	0	0.006637	0	0	0	0.021159	0	0	0	0	0	0.018781	0	0	0	0	0	0	0	0.168859	0	0	0	0	0.017655	0	0	0	0	0	0	0	0	0	0	0
http://management.blogmura.com/	0	0	0	0	0	0	0	0	0	0.018781	0	0	0	0	0	0	0	0.018781	0	0	0	0.017023	0	0	0	0	0	0	0	0	0	0	0	0	0.017655	0	0	0.019213	0	0	0	0	0	0	0.018620	0	0	0	0	0	0	0	0	0	0	0	0	0	0	0	0	0	0	0	0	0	0	0	0	0	0	0	0	0	0	0.021159	0	0	0	0	0	0.018781	0	0	0	0	0	0	0	0.168859	0	0	0	0	0.017655	0	0	0	0	0	0	0	0	0	0	0.036297
http://novel.blogmura.com/	0.013274	0	0	0	0	0	0	0	0	0.018781	0	0	0	0	0	0	0	0.018781	0	0	0	0.017023	0	0	0	0	0	0	0	0	0	0	0	0	0.017655	0	0	0.019213	0	0	0	0	0	0	0.018620	0	0	0	0	0	0	0	0	0	0	0	0	0	0	0	0	0	0	0	0	0	0	0	0	0	0	0	0	0	0	0.021159	0	0	0	0	0	0.018781	0	0	0	0	0	0	0	0.140716	0	0	0	0	0.017655	0	0	0	0	0	0	0	0	0	0.036297	0
http://poem.blogmura.com/heartpoem/	0	0	0	0	0.020997	0	0	0	0	0	0	0.016592	0	0	0	0	0	0	0	0	0	0.017023	0	0	0	0	0	0	0	0	0	0	0	0	0	0	0	0	0	0.018618	0	0	0.036297	0	0	0	0	0	0	0	0	0	0	0	0	0	0	0	0	0	0	0	0	0	0	0	0.013115	0	0	0	0	0	0	0	0	0	0	0	0	0	0	0	0	0	0	0	0	0	0	0.112573	0	0.017655	0	0	0	0	0	0	0	0	0	0.016132	0	0	0	0
http://fishing.blogmura.com/kanturi/	0	0	0	0	0	0	0	0	0	0	0	0	0	0	0	0	0	0	0	0	0	0.034047	0	0	0	0	0	0	0	0	0	0	0	0	0	0	0	0	0	0.018618	0	0	0	0	0	0	0	0	0	0	0	0	0	0	0	0	0	0	0.036297	0	0	0	0	0	0	0	0	0	0	0	0	0	0	0.016132	0	0	0	0	0	0	0	0	0	0	0	0	0	0	0	0.140716	0	0	0	0	0	0	0	0	0	0	0	0	0	0	0	0
http://dog.blogmura.com/itagre/	0	0	0	0	0.020997	0	0	0	0	0	0	0.016592	0	0	0	0	0	0	0	0	0	0.034047	0	0	0	0.036297	0	0	0.006637	0	0	0	0	0	0	0	0	0	0	0.018618	0	0	0	0	0	0	0	0	0	0	0	0	0	0	0	0	0	0	0	0	0	0	0	0	0	0	0	0	0	0	0	0	0	0	0.036297	0	0	0.006637	0	0	0	0	0	0	0	0	0	0	0	0.140716	0	0.017655	0	0	0	0	0	0	0	0	0.036297	0	0	0	0	0
http://show.blogmura.com/ballet/	0	0	0	0	0.020997	0	0	0	0	0	0	0.016592	0	0	0	0	0	0	0	0	0	0	0	0	0	0	0.009955	0	0	0	0	0	0	0	0	0	0	0	0	0.018618	0	0	0	0	0	0	0	0	0	0	0	0	0	0	0.009955	0	0.064528	0	0	0	0	0	0	0	0	0.026547	0	0	0	0	0	0	0	0	0	0	0	0	0	0	0	0	0	0	0	0	0	0	0	0.084430	0	0.017655	0	0	0	0	0	0	0	0	0	0	0	0	0	0
http://flower.blogmura.com/	0	0	0	0	0	0.049776	0	0	0	0.018781	0	0	0	0	0	0	0	0.018781	0	0	0	0.017023	0	0	0	0	0	0	0	0	0	0	0	0	0.017655	0	0	0.019213	0	0	0	0	0	0	0.018620	0.006637	0	0	0	0	0	0	0	0	0	0	0	0	0	0	0	0	0	0	0	0	0	0	0	0	0	0	0	0	0	0.021159	0	0	0	0	0	0.018781	0	0	0	0	0	0	0	0.140716	0.119463	0	0	0	0.017655	0	0	0	0	0	0	0	0	0	0	0
http://www.bs-asahi.co.jp/fukeiisan/	0	0	0	0	0	0	0	0	0.016132	0	0	0	0	0	0	0	0	0	0	0	0	0	0	0	0	0	0	0	0	0	0	0	0	0	0	0	0	0	0	0	0.006637	0	0	0	0	0	0	0	0	0.064528	0.041662	0	0	0	0	0	0	0	0	0	0	0	0	0	0	0	0	0	0	0	0	0	0	0	0	0	0	0	0	0	0	0	0	0	0	0	0	0	0	0	0	0	0	0	0	0	0.016132	0	0	0.036297	0	0	0	0	0	0
http://tv.blogmura.com/	0	0	0	0	0	0	0	0	0	0.018781	0	0	0	0	0	0	0	0.018781	0	0	0	0.017023	0	0	0	0	0	0	0	0	0	0	0	0	0.017655	0	0	0.019213	0	0	0	0	0	0	0.018620	0	0	0	0	0	0	0	0	0	0	0	0	0	0	0	0	0	0	0	0	0	0	0	0	0	0	0	0	0	0	0.021159	0	0	0	0	0	0.018781	0	0	0	0	0	0	0.016132	0.084430	0	0	0	0	0.017655	0	0	0	0	0	0	0	0	0	0	0
http://tabelog.com/tokyo/A1320/A132001/13107739/	0	0	0.026104	0	0.062992	0	0	0	0	0	0	0	0	0	0	0	0	0	0	0	0	0	0	0	0	0	0	0	0	0	0	0	0	0	0	0	0	0	0	0	0	0	0	0.019911	0	0	0	0	0.029004	0	0	0	0	0	0	0	0	0	0	0	0	0	0	0	0	0	0	0	0	0	0	0	0	0	0	0	0	0	0	0	0	0	0	0	0	0	0	0	0	0	0	0	0	0	0	0	0	0	0	0	0	0	0.019911	0	0	0
http://photo.blogmura.com/	0	0	0.156623	0	0	0	0	0	0	0.018781	0	0	0	0	0	0	0	0.018781	0	0	0	0.017023	0	0	0	0	0	0	0	0	0	0	0	0	0.017655	0	0	0.019213	0	0	0	0	0	0	0.018620	0	0	0	0	0	0	0	0	0	0	0	0	0	0	0	0	0	0	0	0	0	0	0	0	0	0	0	0	0	0	0.021159	0	0	0	0	0	0.018781	0	0	0	0	0	0	0	0.140716	0	0	0	0	0.017655	0	0	0	0	0	0	0	0	0	0	0
http://youbou.blogmura.com/req_tpc/0_2342_0.html	0	0	0	0	0	0	0	0	0	0	0	0	0	0	0	0	0	0	0	0	0	0	0	0	0	0	0	0	0	0	0	0	0	0	0	0.006637	0	0.038426	0	0	0	0	0	0	0	0	0	0	0	0	0	0	0	0	0	0	0	0	0	0	0	0	0	0	0	0	0	0	0	0	0	0	0	0	0	0	0	0	0	0	0	0	0	0	0	0	0	0	0	0.028143	0	0	0	0	0	0	0	0	0.006637	0	0	0	0	0	0	0
http://www.hotpepper.jp/strJ000026091/	0	0	0	0	0	0	0	0	0	0	0	0	0	0	0	0	0	0	0	0	0	0	0	0	0	0	0	0	0	0	0	0	0	0	0	0	0	0	0	0	0	0	0	0	0	0	0	0	0	0	0	0	0	0	0	0	0	0	0	0.006637	0	0	0	0	0	0	0	0	0	0	0	0	0	0	0	0	0	0	0	0	0	0	0	0	0	0.006637	0	0	0	0	0	0	0	0	0	0	0	0	0	0	0	0	0.009955	0	0	0
